#cosmological_parameters--omega_m    cosmological_parameters--h0    cosmological_parameters--omega_b    cosmological_parameters--n_s    cosmological_parameters--a_s    cosmological_parameters--tau    horndeski_parameters--parameters_smg__2    horndeski_parameters--parameters_smg__3    cosmological_parameters--sigma_8
5.673268601805872362e-05 -4.169444312407181682e-05 4.359007503694367867e-06 -2.394279678590765446e-05 -1.517631462966764091e-14 -1.384593181616990641e-05 -8.409573957361801862e-04 8.057682677864865623e-04 1.854380432528795450e-05
-4.169444312407181682e-05 3.112469554372241910e-05 -3.133399507093005857e-06 1.759101463804920050e-05 8.823784023292419105e-15 9.242514106124329350e-06 6.731852217421919636e-04 -6.178391026831544239e-04 -1.319688923489829997e-05
4.359007503694367867e-06 -3.133399507093005857e-06 3.647429336363815386e-07 -1.866728833738528810e-06 -5.935943439531766034e-16 -9.942130145608638534e-07 -5.392733523597386888e-05 5.614670137297582528e-05 1.592313735217423979e-06
-2.394279678590765446e-05 1.759101463804920050e-05 -1.866728833738528810e-06 1.974917500854190259e-05 1.389963264824535180e-14 8.634523581137578448e-06 4.069362461289671370e-04 -3.963662887494189533e-04 -3.111935890035328657e-06
-1.517631462966764091e-14 8.823784023292419105e-15 -5.935943439531766034e-16 1.389963264824535180e-14 5.487444530897038236e-21 1.264234463697446837e-12 -1.988869159026606435e-11 1.126776494670768149e-11 8.716046295702919188e-13
-1.384593181616990641e-05 9.242514106124329350e-06 -9.942130145608638534e-07 8.634523581137578448e-06 1.264234463697446837e-12 2.943874341874253378e-04 -4.496735669368991627e-03 2.493749019496483386e-03 1.964506021355019185e-04
-8.409573957361801862e-04 6.731852217421919636e-04 -5.392733523597386888e-05 4.069362461289671370e-04 -1.988869159026606435e-11 -4.496735669368991627e-03 3.102423874935686388e-01 -1.887491212047062994e-01 -1.274793137348591461e-03
8.057682677864865623e-04 -6.178391026831544239e-04 5.614670137297582528e-05 -3.963662887494189533e-04 1.126776494670768149e-11 2.493749019496483386e-03 -1.887491212047062994e-01 3.184361411385040475e-01 4.147175812393152222e-03
1.854380432528795450e-05 -1.319688923489829997e-05 1.592313735217423979e-06 -3.111935890035328657e-06 8.716046295702919188e-13 1.964506021355019185e-04 -1.274793137348591461e-03 4.147175812393152222e-03 2.301052733207184411e-04
