#cosmological_parameters--omega_m    cosmological_parameters--h0    cosmological_parameters--omega_b    cosmological_parameters--n_s    cosmological_parameters--a_s    cosmological_parameters--tau    horndeski_parameters--parameters_smg__2    horndeski_parameters--parameters_smg__3    cosmological_parameters--sigma_8
6.419349201635742529e-05 -4.628946232874403809e-05 5.147042180784273024e-06 -2.465182556971307800e-05 2.811678842717599803e-14 -6.916626051323487532e-06 -1.609453936072374725e-04 7.722969605398268293e-04 4.684042681080547425e-05
-4.628946232874403809e-05 3.411118013025631827e-05 -3.606205133758767638e-06 1.759987173857664437e-05 -1.662203181951470825e-14 5.244278947115478429e-06 1.361913613531867641e-04 -5.427445368952858859e-04 -3.192487569313717246e-05
5.147042180784273024e-06 -3.606205133758767638e-06 4.557066931200053155e-07 -2.021887969429526119e-06 2.780775976842590271e-15 -5.206943568950745498e-07 -5.404666429564562903e-06 6.120803761203348365e-05 3.916295724503997563e-06
-2.465182556971307800e-05 1.759987173857664437e-05 -2.021887969429526119e-06 1.949571782202686113e-05 3.026622514388453534e-15 6.894629148082007491e-06 1.070201010481016914e-04 -2.733662112141217520e-04 -1.076332731080915120e-05
2.811678842717599803e-14 -1.662203181951470825e-14 2.780775976842590271e-15 3.026622514388453534e-15 1.923834666077226002e-21 4.376947458501183135e-13 -5.363369474386977070e-13 3.647894861001933198e-12 4.554611849935852279e-13
-6.916626051323487532e-06 5.244278947115478429e-06 -5.206943568950745498e-07 6.894629148082007491e-06 4.376947458501183135e-13 1.037932772863301144e-04 -9.840701306176971889e-05 7.029424196392666064e-04 9.538592060100182515e-05
-1.609453936072374725e-04 1.361913613531867641e-04 -5.404666429564562903e-06 1.070201010481016914e-04 -5.363369474386977070e-13 -9.840701306176971889e-05 1.349196151527346788e-01 -4.627085567775406777e-02 1.736819318210372672e-03
7.722969605398268293e-04 -5.427445368952858859e-04 6.120803761203348365e-05 -2.733662112141217520e-04 3.647894861001933198e-12 7.029424196392666064e-04 -4.627085567775406777e-02 1.408356321946671041e-01 2.711331475144587288e-03
4.684042681080547425e-05 -3.192487569313717246e-05 3.916295724503997563e-06 -1.076332731080915120e-05 4.554611849935852279e-13 9.538592060100182515e-05 1.736819318210372672e-03 2.711331475144587288e-03 2.021337921676236637e-04
