#cosmological_parameters--omega_m    cosmological_parameters--h0    cosmological_parameters--omega_b    cosmological_parameters--n_s    cosmological_parameters--a_s    cosmological_parameters--tau    horndeski_parameters--parameters_smg__2    horndeski_parameters--parameters_smg__3    cosmological_parameters--sigma_8
6.287488002755292670e-05 -4.597479579388588395e-05 4.961888726892620109e-06 -2.539126052648137100e-05 -3.197622672998367603e-14 -1.996558441188537664e-05 -9.679124434484534393e-04 7.977463904708888059e-04 1.545768559882423833e-05
-4.597479579388588395e-05 3.423808595267068737e-05 -3.527269117526019509e-06 1.828113950761416033e-05 2.504005635423765107e-14 1.450498733302113573e-05 7.092110503093461632e-04 -5.659513043967373926e-04 -1.037454388405653849e-05
4.961888726892620109e-06 -3.527269117526019509e-06 4.308275332852218262e-07 -2.063484054445052909e-06 -2.218856635864472969e-15 -1.587467322913099492e-06 -6.851709973509676290e-05 6.167805635779545275e-05 1.346606690355062735e-06
-2.539126052648137100e-05 1.828113950761416033e-05 -2.063484054445052909e-06 2.139354433604077714e-05 3.078612847164866117e-14 1.343855321981312896e-05 3.891260822619027485e-04 -3.017213005644151739e-04 1.059181799274585529e-06
-3.197622672998367603e-14 2.504005635423765107e-14 -2.218856635864472969e-15 3.078612847164866117e-14 2.844511557639912051e-21 6.667232717236665204e-13 -3.410686835812152169e-12 4.536563393614175922e-12 5.623774272273274863e-13
-1.996558441188537664e-05 1.450498733302113573e-05 -1.587467322913099492e-06 1.343855321981312896e-05 6.667232717236665204e-13 1.599240650486548668e-04 -6.055995608857882946e-04 9.281403158619575076e-04 1.280750769658640573e-04
-9.679124434484534393e-04 7.092110503093461632e-04 -6.851709973509676290e-05 3.891260822619027485e-04 -3.410686835812152169e-12 -6.055995608857882946e-04 1.898043989150867972e-01 -8.737358408851089719e-02 1.102849426385291371e-03
7.977463904708888059e-04 -5.659513043967373926e-04 6.167805635779545275e-05 -3.017213005644151739e-04 4.536563393614175922e-12 9.281403158619575076e-04 -8.737358408851089719e-02 2.054570364167506991e-01 3.189389983529764081e-03
1.545768559882423833e-05 -1.037454388405653849e-05 1.346606690355062735e-06 1.059181799274585529e-06 5.623774272273274863e-13 1.280750769658640573e-04 1.102849426385291371e-03 3.189389983529764081e-03 2.003992260136005523e-04
