#cosmological_parameters--omega_m    cosmological_parameters--h0    cosmological_parameters--omega_b    cosmological_parameters--n_s    cosmological_parameters--a_s    cosmological_parameters--tau    cosmological_parameters--sigma_8
7.823061069033754756e-05 -5.594861985623989073e-05 6.241162539216438321e-06 -3.155593878693868827e-05 -1.078608113208329737e-14 -1.788997287366149460e-05 3.378916696475709499e-05
-5.594861985623989073e-05 4.053580779806613340e-05 -4.385474978013645125e-06 2.248491064077486079e-05 1.864740692958323175e-14 1.489695409145208463e-05 -2.182362261433171824e-05
6.241162539216438321e-06 -4.385474978013645125e-06 5.312364592375053953e-07 -2.550241470055349828e-06 2.396099422864641616e-15 -7.559482536256874143e-07 3.248030054098511664e-06
-3.155593878693868827e-05 2.248491064077486079e-05 -2.550241470055349828e-06 2.110810492506178464e-05 4.386237556168849388e-14 1.700601298760088273e-05 -3.395185325096493714e-06
-1.078608113208329737e-14 1.864740692958323175e-14 2.396099422864641616e-15 4.386237556168849388e-14 8.046301402882189756e-21 1.802610940845801049e-12 1.547157955886281328e-12
-1.788997287366149460e-05 1.489695409145208463e-05 -7.559482536256874143e-07 1.700601298760088273e-05 1.802610940845801049e-12 4.080804750732926179e-04 3.396990537633028931e-04
3.378916696475709499e-05 -2.182362261433171824e-05 3.248030054098511664e-06 -3.395185325096493714e-06 1.547157955886281328e-12 3.396990537633028931e-04 3.156184462893313228e-04
